560
test 0.044606328 0.5458175 0.1531111
1 0.44120562 0.6680744 0.5978516
2 0.28246373 0.87651056 0.7245654
3 0.9019587 0.06980944 0.8747511
etika 0.12488121 0.20472753 0.9117216
atau 0.63332474 0.4040692 0.22232538
tata 0.19696695 0.08949411 0.5243191
susila 0.70262176 0.69449043 0.23645914
adalah 0.39375794 0.7603038 0.11668146
konsep 0.66714543 0.3617537 0.26263583
penilaian 0.1864937 0.03004551 0.90504444
sifat 0.6514013 0.24545515 0.6966657
kebenaran 0.5875384 0.2226361 0.80038095
kebaikan 0.9193521 0.08428252 0.25699508
dari 0.62957704 0.15920359 0.37875807
tindakan 0.04463637 0.7969402 0.95494914
sosial 0.25161803 0.49100167 0.41598547
berdasarkan 0.6385941 0.44735563 0.636752
kepada 0.17708856 0.7073751 0.56308866
tradisi 0.321855 0.26250976 0.85565794
yang 0.7375109 0.27935964 0.78669167
dimiliki 0.24921387 0.45385975 0.104219675
oleh 0.87115777 0.034051955 0.84711695
individu 0.19876659 0.21750796 0.84032875
maupun 0.4000343 0.8417408 0.49407774
kelompok 0.103563786 0.9509886 0.46672016
. 0.44432408 0.7754207 0.0009728074
pembentukan 0.4867233 0.6143016 0.4140619
melalui 0.11972445 0.09963763 0.7432536
proses 0.6570204 0.5686108 0.069517076
filsafat 0.93541086 0.98817617 0.67700225
sehingga 0.7517608 0.7077205 0.7004249
merupakan 0.07886201 0.10982013 0.51393414
bagian 0.9970408 0.6469525 0.50727516
unsur 0.44817132 0.8496398 0.8816172
utama 0.35313755 0.3771609 0.94953185
membentuk 0.31321317 0.06365287 0.08754289
moral 0.26389325 0.5066529 0.31735802
hanya 0.6696706 0.24263144 0.47652596
mengatur 0.8349538 0.042939603 0.5058761
tentang 0.61026824 0.66272885 0.8247411
cara 0.9959184 0.30017447 0.5234279
manusia 0.3583337 0.63953465 0.5382169
dalam 0.49664706 0.23945653 0.923907
bertindak 0.35542768 0.92655605 0.7007615
dan 0.37504 0.59536445 0.5922685
tidak 0.19156903 0.16829562 0.3385166
memperhatikan 0.66918886 0.94350624 0.79847217
kondisi 0.22848362 0.7871862 0.4330846
fisik 0.035028458 0.99117297 0.654325
ruang 0.71536285 0.049228907 0.66833776
lingkup 0.3197527 0.17909229 0.37452042
meliputi 0.8513969 0.9811214 0.573275
analisis 0.12549788 0.57065254 0.058821082
penerapan 0.46628594 0.67166054 0.95043623
mengenai 0.10261345 0.7847984 0.45652342
, 0.23431766 0.06808132 0.37544066
kekeliruan 0.18348819 0.90112144 0.99093044
keburukan 0.66668844 0.28322685 0.41859913
tanggung 0.8059054 0.56764144 0.9946153
jawab 0.95812905 0.45362025 0.32417536
pengelompokan 0.6934517 0.91600996 0.698362
secara 0.2945236 0.22936416 0.8807838
umum 0.9527155 0.1742866 0.36681724
terdiri 0.41706783 0.61974376 0.1067
deskriptif 0.24201936 0.9774932 0.8966748
normatif 0.13432932 0.35913426 0.9072032
deontologi 0.40857774 0.35865426 0.56626457
teleologi 0.35158628 0.37141192 0.47983658
manfaat 0.08258909 0.87008375 0.97634715
adanya 0.22324151 0.48296207 0.20320499
pengendalian 0.22896385 0.71078575 0.32807726
diri 0.88049304 0.114775956 0.022692978
dapat 0.9486209 0.95117736 0.5982955
mempermudah 0.4790486 0.84749347 0.5869788
pemenuhan 0.2549672 0.7197618 0.7097806
atas 0.4020188 0.5585597 0.99291444
kepentingan 0.15889567 0.82668746 0.626403
peristilahan 0.8086806 0.12845135 0.36276484
kata 0.85229015 0.64298713 0.66934973
' 0.88983506 0.91614693 0.2266537
berasal 0.37897152 0.34749287 0.7545705
bahasa 0.39102817 0.61877555 0.27515954
yunani 0.7799022 0.834909 0.7754558
kuno 0.36611223 0.4819588 0.08567846
yaitu 0.5961721 0.8971932 0.5666224
ethos 0.3787697 0.121558964 0.04058212
artinya 0.43792152 0.9049348 0.17653304
kebiasaan 0.117637455 0.6490076 0.63891786
kehendak 0.5716629 0.2493999 0.17629027
baik 0.98671925 0.11882645 0.39246166
bersifat 0.46367323 0.67327005 0.024427176
tetap 0.4111749 0.038883507 0.13939697
sedangkan 0.75314 0.3559578 0.2572627
bentuk 0.6900927 0.37636322 0.012598932
tunggal 0.28346002 0.036386013 0.8367701
ini 0.19511414 0.7166813 0.3018573
juga 0.754004 0.98989373 0.9277727
memiliki 0.21334833 0.8001541 0.30929244
beberapa 0.13120139 0.07954067 0.8592129
arti 0.9912753 0.31390214 0.77173495
berkaitan 0.60072756 0.7614759 0.09355086
dengan 0.45932418 0.74573463 0.80073684
tempat 0.6472983 0.68112695 0.37481523
pemikiran 0.6443151 0.2523203 0.630606
maknanya 0.03369665 0.6729572 0.69041765
sebagai 0.25521058 0.6929598 0.26981485
ialah 0.1783396 0.11953962 0.98732954
tinggal 0.84877604 0.95886004 0.5665787
biasa 0.34679502 0.6042963 0.70153207
padang 0.13405722 0.29679972 0.6867228
rumput 0.95386887 0.017724693 0.9097604
kandang 0.61953723 0.18929553 0.7407123
sementara 0.4243285 0.1564213 0.99382377
adat 0.39072835 0.27643692 0.67302644
akhlak 0.91350067 0.20113128 0.39367586
watak 0.6400194 0.28136945 0.19068652
sikap 0.32378584 0.52216834 0.63632673
berpikir 0.13118398 0.5259633 0.6041145
makna 0.6598793 0.050775766 0.77327675
digunakan 0.48216885 0.9510806 0.5070997
istilah 0.40776372 0.60601676 0.12195259
pertama 0.22022974 0.37476528 0.38463837
kalinya 0.91727144 0.121491134 0.09135234
aristoteles 0.99618566 0.36738783 0.52581704
( 0.85837233 0.37628394 0.6280333
384 0.14296299 0.5054119 0.59640574
– 0.16397363 0.26958245 0.71528023
322 0.9835531 0.764693 0.6125535
sm 0.20676953 0.5181624 0.23516065
) 0.8578528 0.5846804 0.5509696
untuk 0.58703256 0.0237782 0.373775
menjelaskan 0.83448905 0.1883167 0.69324064
pengertian 0.73848385 0.4974323 0.22319609
diartikan 0.99499303 0.05229777 0.91753674
ilmu 0.7145741 0.46642083 0.72964776
tujuan 0.7723644 0.89352363 0.8298826
salah 0.9336658 0.3316868 0.96117675
satu 0.4680432 0.8445149 0.4124071
disiplin 0.2724161 0.2122562 0.2704199
ilmiah 0.31693327 0.7857367 0.2375018
bertujuan 0.8646821 0.198969 0.7918217
mempelajari 0.6316747 0.08588594 0.6025384
selain 0.7515765 0.31486118 0.63613826
terdapat 0.38358915 0.23599148 0.73934853
lain 0.11798984 0.40852433 0.6758727
antara 0.11720979 0.3664096 0.027782917
antropologi 0.6249825 0.88347423 0.18882269
sosiologi 0.25324905 0.036857545 0.96450275
psikologi 0.13036966 0.30139643 0.5381796
perbedaannya 0.089260876 0.5667176 0.9950319
terletak 0.7166269 0.26830876 0.57378614
pada 0.55045485 0.97967625 0.16499227
pendekatan 0.33195508 0.1911127 0.42592216
memahami 0.13090467 0.63754123 0.014900386
studi 0.23315775 0.90340525 0.009661436
moralitas 0.7978519 0.09414053 0.33741212
menjadi 0.8090673 0.20157158 0.8200412
permasalah 0.42508543 0.0031915903 0.9326719
utamanya 0.7580627 0.9978439 0.31646848
sekaligus 0.16983098 0.87453103 0.9672132
preskiptif 0.17266387 0.19884688 0.8855506
berarti 0.30057627 0.4662907 0.8418488
bahwa 0.89672023 0.37013584 0.22203642
menyajikan 0.3573588 0.7044674 0.41903818
pengamatan 0.22261381 0.16559017 0.64950705
karakteristik 0.123716 0.83521026 0.14449495
preskriptif 0.04177147 0.43153083 0.08300227
mengevaluasi 0.7182141 0.32760173 0.51725715
memberikan 0.38156182 0.2899806 0.9540688
rekomendasi 0.3944927 0.54689014 0.6132226
persetujuan 0.034231067 0.44198793 0.7085538
ajaran 0.3244713 0.5622967 0.5690535
buruk 0.15903515 0.12568557 0.20399606
diterima 0.7178649 0.3433891 0.17496985
perbuatan 0.92068166 0.96096927 0.20577604
kewajiban 0.0027532578 0.10133058 0.0016389489
sebagainya 0.0021920204 0.5982335 0.12362361
standar 0.36997467 0.37592882 0.9940239
perilaku 0.34973574 0.5651096 0.64633167
memungkinkan 0.314959 0.8338403 0.39300513
setiap 0.2581789 0.83805245 0.4912548
orang 0.7581559 0.40966064 0.4323635
hidup 0.102535665 0.51295114 0.044071257
kooperatif 0.37156647 0.64034003 0.04928547
suatu 0.8341049 0.5130589 0.6514952
mengacu 0.34156638 0.9061878 0.83772534
sanksi 0.13340902 0.9204301 0.5528578
- 0.42750782 0.918959 0.7208016
masyarakat 0.32398975 0.4096592 0.73559403
terkait 0.49616528 0.41042054 0.121564865
benar 0.57528 0.59964633 0.2769162
etimologi 0.3201704 0.08429903 0.6398256
latin 0.41244227 0.04700744 0.5483235
mos 0.7790184 0.24594599 0.7436386
jamak: 0.015892565 0.7761197 0.49819672
mores 0.30457056 0.15865111 0.050294876
mos” 0.96829313 0.34248352 0.7952726
sama 0.54546666 0.11031103 0.821841
etos 0.85163534 0.28936154 0.2927848
di 0.12207264 0.54417753 0.50937396
indonesia 0.48398954 0.9378568 0.32998943
diterjemahkan 0.16006804 0.61684155 0.00036495924
“aturan 0.4680462 0.74699944 0.61059695
kesusilaan” 0.55323815 0.45867026 0.9458074
ataupun 0.63941914 0.36069036 0.38258183
menentukan 0.952868 0.20975405 0.42993158
sebuah 0.9043409 0.98921 0.005884886
batas 0.14674819 0.24264467 0.90688366
peran 0.74092704 0.60078627 0.3249603
pendapat 0.34377956 0.031607747 0.20828295
batasan 0.45392793 0.5883804 0.27847362
layak 0.41130263 0.4032995 0.51205903
dikatakan 0.3501796 0.6079729 0.2242198
sering 0.39296657 0.8160328 0.89947385
disamakan 0.8887353 0.45734018 0.7088538
karena 0.3310293 0.10383743 0.61407584
kedua 0.48665267 0.9512945 0.4484172
tersebut 0.061501324 0.3536452 0.7707916
mempunyai 0.63826203 0.22249293 0.5735945
itu 0.91431344 0.87335014 0.1438976
sendiri 0.8735913 0.09738457 0.99051857
: 0.1516555 0.07315642 0.55074066
nilai 0.8279836 0.999338 0.9426646
norma 0.0043655634 0.24786127 0.57117605
pegangan 0.084459364 0.07751131 0.87462986
bagi 0.09704375 0.29546833 0.67481977
seseorang 0.9560443 0.61226875 0.03183943
tingkah 0.025246859 0.87826633 0.5664237
lakunya 0.29024464 0.9274323 0.6580502
samping 0.06201899 0.36118954 0.05953294
berhubungan 0.17807102 0.34303564 0.21463025
berimbuhan 0.9614566 0.7310709 0.83065164
keseluruhan 0.44051814 0.98647857 0.51894283
asas 0.45922625 0.8733886 0.73686695
berkenaan 0.40052187 0.46514064 0.50333047
jadi 0.6393724 0.960502 0.53155136
segi 0.9828153 0.798702 0.769173
buruknya 0.9701877 0.62955415 0.9088884
menyebut 0.03073138 0.43607718 0.06977254
ke 0.96958137 0.44074196 0.10615295
lainnya 0.65848285 0.5559534 0.099808395
positif 0.046754897 0.31432325 0.54163873
disebut 0.1955474 0.55893904 0.60797226
amoral 0.4469657 0.46335638 0.8479335
dia 0.80052614 0.20260268 0.39514256
bermoral 0.19529712 0.25301814 0.30336702
pandangan 0.3019312 0.7310046 0.40624887
hal 0.404329 0.808213 0.24078697
mutlak 0.8801645 0.14351028 0.9363916
harus 0.59202635 0.90201205 0.6682728
ekplisit 0.5037407 0.9682208 0.46854252
sosialisasi 0.94695425 0.025882721 0.9674742
tanpa 0.9335439 0.96131873 0.68935597
bisa 0.18748134 0.6234119 0.027308822
melakukan 0.035920203 0.17823625 0.123385906
zaman 0.8312309 0.0067929626 0.7639839
sekarang 0.81695974 0.9771411 0.9911244
implisit 0.99769425 0.9764634 0.8578401
banyak 0.32460374 0.6232463 0.968646
sudut 0.33545905 0.21796572 0.56218195
pandang 0.9715633 0.6687225 0.4364689
sempit 0.543378 0.6675188 0.71151143
dasar 0.26012665 0.8662926 0.18351525
diajarkan 0.38409382 0.06479108 0.95654213
sekolah 0.7125667 0.6904821 0.468835
jika 0.16284764 0.16113126 0.5860063
ia 0.20398176 0.8695888 0.290393
ingin 0.5607451 0.26422787 0.83531344
dihormati 0.68576074 0.44965065 0.95929503
sesamanya 0.1124289 0.9195999 0.9607506
kemutlakan 0.6187659 0.21313149 0.6147347
kehidupan 0.12842637 0.8114367 0.2823078
bermasyarakat 0.8235331 0.6773985 0.17131597
utuh 0.18118596 0.19214809 0.12886131
terhadap 0.6478252 0.138601 0.5226618
diukur 0.35790747 0.22488683 0.74935824
kebudayaan 0.06804752 0.37922364 0.44607306
setempat 0.019036233 0.74829847 0.41707784
laku 0.27428836 0.13577902 0.39030457
ucapan 0.5933995 0.7069998 0.9491209
berinteraksi 0.2442342 0.8139745 0.8090914
apabila 0.83724827 0.61021245 0.8268935
dilakukan 0.13149905 0.77845746 0.09487003
sesuai 0.21605241 0.11337763 0.02963221
rasa 0.16059196 0.5006161 0.15148336
berlaku 0.50136006 0.13748682 0.60020185
serta 0.34189945 0.8422017 0.42862582
menyenangkan 0.26711112 0.27075434 0.62560457
lingkungan 0.081645966 0.71756727 0.40061152
masyarakatnya 0.52952534 0.9977558 0.12464023
maka 0.79928625 0.34758562 0.27582878
dinilai 0.10111934 0.3024739 0.709616
begitu 0.33315706 0.5567433 0.01769483
sebaliknya 0.2710935 0.5018154 0.3550762
produk 0.70804334 0.65502155 0.6154539
budaya 0.25865006 0.74951667 0.26847267
agama 0.2552846 0.08297837 0.7879138
berbeda 0.26879567 0.47222966 0.097804606
beda 0.9926302 0.85644656 0.41791904
sistem 0.08997071 0.9719404 0.016992211
telah 0.6799444 0.7391019 0.3269781
terbangun 0.7310779 0.46968722 0.9663652
sejak 0.54883915 0.60975677 0.08030486
lama 0.88368505 0.2585624 0.24233264
konsistensi 0.71385086 0.1379953 0.6716
karakter 0.2553417 0.5810054 0.69401115
kesesuaian 0.72505426 0.68960583 0.0019019842
keberlanjutan 0.08718556 0.8830886 0.8960109
terus 0.6693713 0.38885248 0.15360343
menerus 0.6100281 0.4438796 0.68371403
perkataan 0.07542187 0.43778843 0.19810301
konsisten 0.90968907 0.23892558 0.5023557
diuji 0.53983 0.44302464 0.42244935
berbagai 0.010368288 0.53974223 0.07810563
permasalahan 0.93270284 0.31493467 0.5370812
menghubungkan 0.2528659 0.6854582 0.1817249
satunya 0.6552299 0.6125429 0.37178606
teramati 0.8541188 0.2940529 0.11801696
para 0.29424024 0.647793 0.764437
politikus 0.9492898 0.16393554 0.28892255
ketika 0.4793753 0.9866556 0.7637161
mulai 0.22790152 0.9304435 0.7316264
menjabat 0.17779714 0.4113444 0.13604748
pengambilan 0.19856924 0.5221551 0.5247599
keputusan 0.81279695 0.6471331 0.4242909
menggunakan 0.44919533 0.20780182 0.5331019
kekuasaan 0.9229453 0.13061023 0.24964541
menurut 0.9029146 0.40090102 0.14911062
ahli 0.5651405 0.28799248 0.5177115
al 0.6738402 0.5722318 0.7808357
ghazali 0.80603486 0.3179847 0.38305235
helden 0.05190736 0.9140274 0.7700325
richards 0.6820238 0.8262016 0.036153197
baron 0.15129614 0.47271407 0.19376081
dkk 0.50231117 0.47437227 0.85815144
chaplin 0.7177606 0.25048256 0.6708543
hurlock 0.9720023 0.19484651 0.64382565
immanuel 0.9548314 0.46696466 0.4867106
kant 0.91809434 0.797179 0.5906929
perangai 0.40778506 0.039070606 0.83247876
tabiat 0.9898288 0.08218783 0.7183256
menetap 0.12187338 0.6752468 0.41832256
kuat 0.063411474 0.38073868 0.47838223
jiwa 0.3597145 0.44033414 0.8068011
sumber 0.9538189 0.851515 0.5608946
timbulnya 0.7463866 0.26494217 0.27568102
tertentu 0.75470173 0.07776749 0.57813656
dirinya 0.35950935 0.040564954 0.0027441978
mudah 0.75847554 0.50450706 0.88525045
ringan 0.8127239 0.18128216 0.4762982
perlu 0.8207489 0.5346834 0.36163616
dipikirkan 0.84000885 0.20127451 0.53379303
direncanakan 0.039940417 0.98739886 0.6455526
sebelumnya 0.84843147 0.33801532 0.33529115
kepekaan 0.7121531 0.22625059 0.056285977
pikiran 0.756545 0.30239564 0.3026573
perasaan 0.6766052 0.14075845 0.9496731
dibandingkan 0.4302565 0.7933554 0.25915843
berupa 0.674395 0.30759335 0.23782432
prinsip 0.0035870671 0.89850026 0.41554582
aturan 0.1384111 0.057640314 0.87438357
larangan 0.2986322 0.903312 0.36697245
membicarakan 0.4586149 0.6828572 0.47179687
segala 0.8020393 0.6029005 0.83054173
cocok 0.47795427 0.32173818 0.46772122
ketentuan 0.7387805 0.39512193 0.33379477
mencantol 0.5960688 0.40606028 0.38539153
hukum 0.59025615 0.2052837 0.14673012
kelaziman 0.9696245 0.8654068 0.7612598
menata 0.12316972 0.38866872 0.7352923
dikendalikan 0.8323513 0.2987345 0.63967824
sudah 0.63128114 0.6743441 0.33569628
anggota 0.38678032 0.100096285 0.42437243
sesuatu 0.46277273 0.58400524 0.39266497
urusan 0.6097006 0.9732794 0.55605567
kenyakinan 0.97614604 0.92216325 0.16782671
batin 0.8100667 0.10690272 0.6198304
saja 0.5295956 0.7680811 0.4164852
sebatas 0.3261351 0.26488042 0.11570865
penyesuaian 0.6105522 0.5241964 0.9658181
sejumlah 0.2749356 0.299644 0.4847712
luar 0.49058205 0.21262485 0.24830455
entah 0.01168561 0.14654338 0.6552214
negara 0.58275634 0.53616583 0.066303015
istiadat 0.43242413 0.633373 0.8258146
kamus 0.4335842 0.07388461 0.95384514
peraturan 0.52613914 0.45277953 0.17621326
menyangkut 0.50672454 0.4983452 0.90390956
w 0.88266265 0.070928514 0.093788385
j 0.49576128 0.85040516 0.46473366
s 0.727015 0.2502752 0.24669999
poerdarminta 0.35278958 0.45226806 0.18354648
menyatakan 0.341478 0.9960725 0.7373458
definisi 0.75384355 0.12052941 0.15821439
kode 0.25171292 0.31170237 0.25141764
sonny 0.6335143 0.64692044 0.11975294
keraf 0.8320432 0.20673048 0.87364143
mengukur 0.9424675 0.9631076 0.8723322
kadar 0.6806406 0.65814066 0.8770321
mungkin 0.20017111 0.10118097 0.020580351
member 0.08262849 0.10081494 0.047820628
of 0.8529239 0.6604277 0.21321899
society 0.09054041 0.3165279 0.59376127
posisi 0.6063702 0.6349631 0.4478196
pekerjaan 0.14974463 0.8039981 0.8230464
zainuddin 0.009170651 0.16829532 0.3658349
saifullah 0.2916361 0.66089755 0.74760497
nainggolan 0.25040394 0.78904045 0.33444065
tendensi 0.45367062 0.7532981 0.72389376
rohani 0.16730791 0.2865922 0.85998523
seperangkat 0.3585772 0.4728338 0.5567028
2006 0.82872146 0.92495835 0.82096094
wantah 0.7629259 0.7309793 0.5358111
2005 0.90369785 0.19647741 0.90126985
ada 0.4820785 0.82480955 0.28206944
hubungannya 0.12160939 0.9929926 0.37398744
kemampuan 0.76722807 0.7696918 0.5395652
dewey 0.7993692 0.79549176 0.5623101
mengatakan 0.025071502 0.19744074 0.760411
masalah 0.015826046 0.90878165 0.3320802
maria 0.37586862 0.43725377 0.094646275
assumpta 0.75997585 0.8750769 0.62021
rule 0.027889729 0.8888476 0.61186135
attitude 0.8802187 0.18460858 0.6238747
human 0.23158795 0.31746894 0.02129805
behavior 0.6055884 0.16130954 0.3826421
merriam 0.558065 0.16866887 0.8751839
webster 0.64963806 0.5266561 0.14808893
apa 0.42999083 0.49473923 0.5345715
dianggap 0.39800048 0.2967667 0.7307332
kebanyakan 0.090966225 0.18256879 0.67662615
tepat 0.70608175 0.02215147 0.65921324
pelarangan 0.4745 0.3113991 0.37806952
mendiskusikan 0.009367466 0.031269252 0.4543264
dian 0.46027148 0.5222333 0.7328392
ibung 0.2826857 0.6981857 0.10994452
value 0.5046662 0.520218 0.21159798
menambahkan 0.6461088 0.7105338 0.40620637
magnis 0.6226012 0.1967001 0.7120833
susino 0.65817505 0.4699762 0.7079015
selalu 0.35917974 0.6788032 0.8976075
miskin 0.9382266 0.28349274 0.3049568
aspek 0.1427471 0.45365256 0.79047376
shaffer 0.9297759 0.9606953 0.8690426
kaidah 0.2522189 0.4522568 0.81833535
menjalankan 0.41649216 0.37669796 0.10874516
hubungan 0.7501272 0.23305094 0.4196061
kerjasama 0.9806065 0.2008807 0.014944673
a 0.72888297 0.27250248 0.7743763
mustafa 0.4649663 0.5912277 0.3964132
mengungkapkan 0.42542344 0.5751966 0.068752944
penentuan 0.7067431 0.45506847 0.08680284
mana 0.52781695 0.016882062 0.8754895
sejauh 0.41323537 0.8162464 0.4897207
akal 0.4883139 0.90649027 0.6953646
mereka 0.641372 0.60618603 0.69714415
imam 0.5630934 0.7212144 0.64982796
sukardi 0.23817778 0.4199273 0.28811705
seorang 0.3701961 0.031695426 0.6330299
pria 0.39343405 0.39783072 0.47928435
langkah 0.8010359 0.9433902 0.8577017
diadopsi 0.93095815 0.97099286 0.30878907
aksi 0.7531307 0.3066386 0.6959694
bersama 0.7130657 0.6457938 0.76722485
wiwit 0.2673868 0.55056566 0.92578
wahyuning 0.0010800362 0.76423746 0.9243711
2003 0.31870598 0.4196661 0.36991024
menurutnya 0.35236776 0.4220696 0.67248553
berbicara 0.33266532 0.46018988 0.76845104
umumnya 0.42340767 0.24841034 0.75395155
akan 0.2668566 0.50999457 0.0566386
terdengar 0.41221946 0.03535205 0.24078321
inividu 0.65907973 0.43818712 0.2937454
russel 0.440633 0.4925515 0.8666137
swanburg 0.7836908 0.55842763 0.4494198
pernyataan 0.47331548 0.23509085 0.7807358
keantusiasan 0.9761506 0.63766056 0.7564109
bekerja 0.33024144 0.5616156 0.30156237
dimana 0.10682684 0.8927044 0.8464338
merangsang 0.26877344 0.8295608 0.69574356
gunarsa 0.255759 0.17234063 0.49168992
dipatuhi 0.29646713 0.25389564 0.6247944
ciri 0.49037522 0.3810436 0.44695902
bertens 0.25762045 0.2162621 0.41819865
k 0.61243874 0.29069674 0.1552248
adalah: 0.7987796 0.23259503 0.32623726
pribadi 0.27376622 0.39581257 0.60202456
namun 0.2404021 0.91521156 0.5585523
lebih 0.92822343 0.5794871 0.09559417
spesifik 0.053177774 0.44262564 0.35044962
lagi 0.12837958 0.04507357 0.7540492
bertanggung 0.5018446 0.5116178 0.80632967
mengakibatkan 0.46439362 0.5044247 0.055883765
bersalah 0.971896 0.8356943 0.9846016
hati 0.60918057 0.879848 0.6206763
nurani 0.64832956 0.259324 0.8818948
khas 0.36064374 0.8313131 0.33266413
inilah 0.95695585 0.8832537 0.65237397
menimbulkan 0.47943735 0.9793209 0.5286921
suara 0.47213954 0.47366107 0.8688018
menuduh 0.40779507 0.14504296 0.54798466
meremehkan 0.45468128 0.7438119 0.29569393
menentang 0.8534422 0.20079815 0.85229015
memuji 0.8488318 0.15470558 0.17277217
bila 0.51602596 0.13361621 0.53517324
mewujudkan 0.5678582 0.5191016 0.35034198
moralnya 0.414437 0.5582898 0.6180754
mewajibkan 0.8652514 0.61931956 0.3648464
absolut 0.907195 0.70357674 0.6617013
tak 0.6695807 0.05499375 0.19707268
ditawar 0.3746298 0.35637027 0.5731706
tawar 0.7703014 0.06749356 0.052252173
contoh 0.58023304 0.8670562 0.046396434
estetis 0.9379037 0.34160113 0.026630878
makadia 0.92305565 0.53362787 0.18121421
menghargai 0.4353963 0.28406417 0.463677
lukisan 0.2114138 0.5154661 0.8611574
bermutu 0.9472907 0.40052885 0.7106398
lainboleh 0.042698443 0.51355714 0.10776639
nilaimoral 0.19657308 0.6558544 0.34296882
mengakui 0.6038557 0.7994344 0.79613215
merealisasikan 0.27541983 0.16553748 0.66530687
absolute 0.42076552 0.91123885 0.019204497
melekat 0.14059389 0.2735957 0.767452
nilainilai 0.468161 0.0643239 0.7980318
formal 0.3806852 0.7616006 0.38907307
max 0.024057865 0.9143753 0.85979205
scheler 0.80935127 0.5558705 0.80217314
membonceng 0.10171753 0.91682637 0.64863545
mengikut 0.41499954 0.58868366 0.92940277
sertakan 0.3739679 0.8424394 0.52162737
jenis 0.44722527 0.67324585 0.85104054
objektif 0.35219765 0.7289419 0.5277481
memandang 0.68826115 0.5343792 0.24854296
perbuatansebagai 0.60758704 0.25141 0.48560274
dikerjakan 0.6979815 0.5937166 0.0066441298
bebas 0.38928527 0.5510481 0.8881641
pengaruh 0.11875427 0.67139775 0.6047242
pihak 0.85332555 0.87410426 0.3212121
pelaku 0.16016883 0.17827767 0.97294587
subyektif 0.12001765 0.4695589 0.3288443
dipengaruhi 0.61157733 0.37827522 0.5904933
si 0.29804873 0.7797631 0.61416656
latar 0.5682039 0.2388143 0.26543772
belakang 0.64332545 0.014578164 0.48066038
pendidikan 0.6057256 0.3892154 0.5905033
intrinsik 0.003622532 0.41977954 0.006763816
perbuatanmenurut 0.3019889 0.075719535 0.758473
hakikatnya 0.19005102 0.59136087 0.80029637
ekstrinsik 0.7786979 0.76150155 0.9888031
diperintahkan 0.35952133 0.087581635 0.8439113
dilarang 0.75640285 0.21144092 0.13512862
seseorangyang 0.9901425 0.89470375 0.36106962
berkuasa 0.42638642 0.6034041 0.6024357
darituhan 0.12383801 0.3771627 0.6557131
halo 0.024186254 0.21918422 0.38620192
hallo 0.024186254 0.29279822 0.19395226
saya 0.1904105 0.9247947 0.9732257
aku 0.1904105 0.9174645 0.85791373
